50

0.526980 1.420670 0.725900 1.349570 1.452660 0.991600 0.663640 0.480680 0.347470 0.422980 0.367630 0.903980 0.891320 1.527760 0.364820 0.459570 0.284810 0.406550 0.284500 0.214380 0.309670 0.301720 0.393360 0.330800 0.381740 0.376320 0.333250 0.259560 0.374540 0.229880 0.296220 0.521650 0.601830 0.682640 2.105070 0.264760 0.334660 0.288160 0.329450 0.422100 0.211550 0.300430 0.401470 0.472830 0.238910 0.385550 0.299570 0.172380 0.323150 0.272500
0.871360 2.526450 1.239120 2.403180 2.591170 1.722000 1.121920 0.781550 0.526550 0.675060 0.570020 1.584780 1.554460 2.694630 0.572760 0.759710 0.424310 0.653000 0.421090 0.280440 0.460000 0.455370 0.626830 0.508890 0.604790 0.586500 0.504770 0.395500 0.559090 0.316240 0.443930 0.861010 1.028710 1.147920 3.777530 0.339690 0.463770 0.368360 0.484930 0.688820 0.277670 0.451000 0.642220 0.777680 0.343420 0.588510 0.462940 0.227620 0.491910 0.412990
0.536990 1.427960 0.735790 1.361310 1.462940 0.996860 0.672450 0.488830 0.352880 0.431200 0.374090 0.918900 0.903850 1.533460 0.375600 0.469630 0.299210 0.419060 0.295820 0.224840 0.314620 0.312110 0.403420 0.341150 0.389940 0.385910 0.341580 0.281430 0.387760 0.238800 0.307110 0.544030 0.622220 0.701190 2.103830 0.274170 0.356990 0.306830 0.348810 0.437270 0.222280 0.312270 0.412600 0.482550 0.254850 0.401200 0.317360 0.190580 0.351360 0.292180
3.733710 11.731690 5.489510 11.126000 12.042700 7.823240 4.948010 3.327310 2.085980 2.810160 2.319050 7.255790 7.117770 12.494970 2.438540 3.367190 1.721270 2.804180 1.721900 0.983890 1.794940 1.822260 2.695230 2.136060 2.603250 2.500410 2.042010 1.641510 2.219870 1.121610 1.727140 3.792110 4.707710 5.106060 17.692280 1.075680 1.718170 1.133770 1.947950 2.990380 0.916480 1.859310 2.769390 3.411100 1.352380 2.414130 1.998360 0.671180 2.040770 1.748550
0.960710 2.811010 1.371070 2.673470 2.883240 1.909920 1.240320 0.860530 0.569420 0.741690 0.624460 1.760270 1.726410 2.997540 0.630880 0.833200 0.461440 0.719270 0.460760 0.299910 0.501710 0.488740 0.691360 0.558820 0.666750 0.642860 0.551670 0.420310 0.606750 0.332700 0.473210 0.936320 1.140570 1.264930 4.185010 0.361890 0.489940 0.378160 0.523600 0.752190 0.293910 0.494500 0.708520 0.859650 0.364220 0.635270 0.505070 0.214190 0.522630 0.445750
0.839270 2.393820 1.182170 2.276470 2.453180 1.635920 1.072900 0.755540 0.509940 0.656240 0.558290 1.512480 1.484210 2.568080 0.568710 0.743590 0.427100 0.642560 0.426560 0.287050 0.455700 0.452070 0.619240 0.508510 0.598690 0.573660 0.497450 0.398550 0.555120 0.316110 0.435020 0.843960 0.999700 1.110200 3.573780 0.345450 0.470560 0.372360 0.491020 0.671080 0.282040 0.454750 0.633590 0.759890 0.348160 0.587010 0.468730 0.227500 0.496180 0.421190
0.568700 1.562570 0.792150 1.487690 1.601910 1.085540 4.304410 2.902390 1.787150 2.462410 0.762460 0.990400 1.075200 1.668700 2.134620 2.935970 1.510920 2.459940 1.239040 0.711390 0.607390 0.598980 0.854820 1.294020 2.275870 2.102660 1.781110 1.292880 1.596110 0.820480 0.573740 1.171620 1.430110 1.690520 6.680020 0.803890 1.260170 0.840810 1.407170 2.126640 0.344910 0.606210 0.876510 1.067390 0.562990 1.157140 0.816570 0.430840 1.464060 1.253910
0.409070 1.014110 0.542880 0.966190 1.035960 0.722570 2.684530 1.830400 1.157280 1.563170 0.524750 0.664220 0.716390 1.101150 1.361460 1.855430 0.980370 1.560210 0.814270 0.497200 0.430050 0.432170 0.582760 0.847860 1.451240 1.346310 1.152790 0.848160 1.048300 0.565930 0.417890 0.799590 0.939490 1.107540 4.129890 0.565620 0.861910 0.609760 0.932770 1.362760 0.279170 0.435570 0.596710 0.709400 0.411700 0.784780 0.562010 0.335030 0.968230 0.825070
0.262250 0.553030 0.330080 0.530310 0.564980 0.419140 1.394070 0.969730 0.636530 0.836960 0.321060 0.379350 0.405090 0.604730 0.726670 0.961920 0.537360 0.825420 0.454840 0.301530 0.274000 0.267540 0.338200 0.471530 0.766750 0.726550 0.624660 0.460290 0.591090 0.332880 0.267100 0.449450 0.504260 0.608850 2.089300 0.361510 0.499850 0.387190 0.522810 0.719480 0.196980 0.263340 0.344790 0.402720 0.251030 0.451880 0.317340 0.214940 0.529210 0.448450
0.445130 1.135430 0.600150 1.083460 1.162720 0.803710 3.053970 2.073110 1.293870 1.764080 0.579560 0.738500 0.797330 1.222110 1.532280 2.089000 1.099610 1.760200 0.910990 0.543750 0.471990 0.465820 0.644450 0.949130 1.630420 1.513250 1.286020 0.949150 1.170950 0.618320 0.448440 0.876360 1.044340 1.237250 4.733450 0.620560 0.950420 0.659500 1.040710 1.528130 0.289900 0.471970 0.659500 0.791920 0.441640 0.865280 0.618730 0.350310 1.080990 0.922140
0.285750 0.627890 0.364790 0.601410 0.641800 0.468570 0.659300 0.479670 0.347820 0.423480 1.097890 0.425530 0.659220 0.681890 0.365270 0.460170 0.285110 0.407050 0.523830 0.336840 0.869010 0.873430 1.258540 0.682680 0.382220 0.376750 0.333600 0.390480 0.678790 0.375100 0.830160 1.749260 2.132020 2.277980 6.781320 0.400690 0.561270 0.427480 0.601150 0.840180 0.481550 0.891540 1.290550 1.572330 0.561430 0.913050 0.789570 0.276950 0.612670 0.520110
0.916730 2.670940 1.306120 2.540430 2.739470 1.817430 1.182020 0.821660 0.546950 0.708890 0.597680 1.673880 1.641760 2.848450 0.602210 0.793780 0.441940 0.686070 0.440780 0.289690 0.481190 0.470200 0.659580 0.533850 0.636240 0.615120 0.528590 0.406710 0.582790 0.323380 0.457150 0.897760 1.084620 1.206920 3.978250 0.350570 0.474810 0.372580 0.503760 0.720640 0.285400 0.472820 0.675890 0.819290 0.352040 0.610890 0.483920 0.219280 0.505700 0.429170
0.671160 1.922620 0.953010 1.828160 1.972240 1.323110 0.996300 0.691480 0.473090 0.595940 0.805320 1.200910 1.279040 2.043880 0.494550 0.652690 0.364120 0.566210 0.459980 0.299510 0.635530 0.631210 0.901670 0.583440 0.520350 0.519110 0.445680 0.381680 0.613700 0.334460 0.609330 1.246560 1.531030 1.666550 5.328940 0.361470 0.491630 0.383050 0.525760 0.771610 0.357440 0.633660 0.926280 1.132020 0.423690 0.724990 0.591790 0.234670 0.528540 0.448790
3.500590 10.879290 5.121810 10.335910 11.164610 7.250700 4.605210 3.107320 1.921290 2.637820 2.172170 6.728010 6.600530 11.578440 2.272140 3.117980 1.608560 2.622770 1.605870 0.920440 1.688620 1.702100 2.510600 1.991510 2.423560 2.256470 1.910060 1.525180 2.072740 1.058520 1.615980 3.514990 4.359780 4.741670 16.377581 1.036530 1.613460 1.088120 1.822240 2.777160 0.877170 1.737640 2.577590 3.171130 1.259940 2.251620 1.856090 0.637490 1.895680 1.624440
0.539060 1.501900 0.757910 1.428540 1.540450 1.045300 2.696960 1.825360 1.137060 1.552670 0.571390 0.941480 0.981400 1.596060 1.327210 1.809810 0.938340 1.530070 0.785500 0.461390 0.456360 0.440580 0.622150 0.838700 1.409520 1.325860 1.116570 0.790190 1.027700 0.525200 0.429660 0.836780 1.031130 1.214110 4.658720 0.543350 0.791370 0.555300 0.886340 1.341480 0.261670 0.437720 0.638220 0.779840 0.382840 0.773750 0.541970 0.277050 0.901750 0.774090
0.683520 1.962020 0.971260 1.865560 2.012640 1.349140 5.485050 3.684860 2.255110 3.121640 0.933050 1.225220 1.334420 2.085920 2.698660 3.729820 1.895490 3.117570 1.545410 0.870520 0.733370 0.725780 1.050630 1.616200 2.884050 2.661720 2.249420 1.613330 1.993690 1.010150 0.693580 1.449900 1.790050 2.113890 8.517850 0.974910 1.549900 1.013150 1.749030 2.691400 0.395690 0.730490 1.078560 1.324370 0.675820 1.430540 1.000010 0.506190 1.820920 1.563200
0.299030 0.703860 0.393930 0.672050 0.720550 0.518540 1.882580 1.288890 0.820420 1.103130 0.381330 0.460850 0.496880 0.754670 0.946810 1.269870 0.681910 1.084970 0.566460 0.353990 0.315460 0.306430 0.403270 0.589820 1.002880 0.948650 0.806070 0.572060 0.741120 0.395670 0.302400 0.536710 0.630320 0.763940 2.849190 0.421930 0.592080 0.439890 0.643620 0.936690 0.204000 0.297700 0.412480 0.493570 0.278630 0.543720 0.369790 0.224120 0.650500 0.555520
0.376410 0.947140 0.506540 0.902690 0.969800 0.678890 2.565480 1.744330 1.099540 1.487410 0.489110 0.610700 0.660960 1.019490 1.282730 1.746370 0.916350 1.473790 0.756670 0.457750 0.398030 0.394040 0.532660 0.788960 1.364680 1.275380 1.084510 0.776400 0.982890 0.520790 0.384560 0.726680 0.864510 1.026190 3.932810 0.529940 0.786460 0.556370 0.859650 1.277210 0.251090 0.390260 0.546350 0.655850 0.365160 0.722360 0.500940 0.294260 0.881420 0.754970
0.232990 0.487680 0.292810 0.464920 0.496750 0.374600 0.703090 0.502220 0.362390 0.439360 0.387610 0.327950 0.378240 0.532320 0.368050 0.472760 0.282410 0.415690 0.947040 0.552870 0.320290 0.311060 0.410740 0.494790 0.385600 0.387150 0.338860 0.607460 1.224910 0.634430 0.309260 0.550410 0.647600 0.841490 6.038990 0.638070 0.950350 0.663020 1.075660 1.607070 0.209700 0.304310 0.420370 0.503030 0.527570 1.020490 0.763270 0.355860 1.110860 0.950690
0.186200 0.325520 0.219520 0.308380 0.327360 0.269390 0.463160 0.344170 0.269950 0.306270 0.273180 0.230740 0.258110 0.370650 0.253510 0.312540 0.206190 0.283240 0.598120 0.370180 0.233040 0.230970 0.279010 0.326570 0.263270 0.276950 0.247790 0.383300 0.781360 0.415470 0.232860 0.372040 0.413920 0.540810 3.631110 0.439920 0.620010 0.458390 0.679560 0.992000 0.174750 0.218560 0.285010 0.330910 0.346220 0.650350 0.475890 0.247150 0.688820 0.588400
0.192750 0.331700 0.227440 0.320070 0.337800 0.273000 0.356700 0.277870 0.231210 0.253200 0.549230 0.242870 0.345450 0.371470 0.217640 0.258070 0.186280 0.236900 0.286020 0.215170 0.448750 0.439470 0.608510 0.355750 0.223860 0.232680 0.213760 0.216260 0.376480 0.230780 0.425440 0.823910 0.980700 1.067200 3.041690 0.265640 0.336110 0.288620 0.331180 0.424760 0.278690 0.447430 0.622560 0.746250 0.297010 0.468950 0.391450 0.180780 0.325000 0.273150
0.244190 0.508560 0.304450 0.482120 0.515060 0.390710 0.546680 0.400640 0.300340 0.353390 0.920000 0.343990 0.529030 0.564950 0.298750 0.369850 0.238710 0.332720 0.420230 0.282460 0.723360 0.719650 1.035880 0.559760 0.311450 0.316510 0.281070 0.312620 0.557840 0.311870 0.690790 1.435770 1.769270 1.905830 5.792730 0.340330 0.461220 0.365420 0.483940 0.691670 0.396400 0.723560 1.064420 1.304670 0.446200 0.744330 0.624590 0.232590 0.487800 0.410230
0.524340 1.429140 0.726640 1.356580 1.461750 0.998470 1.549710 1.060200 0.694360 0.907050 2.603240 0.903300 1.501490 1.534550 0.764930 1.035840 0.552020 0.879720 1.154960 0.673430 2.017320 2.049840 3.035660 1.576670 0.809110 0.780460 0.663570 0.837840 1.497160 0.774450 1.941340 4.274060 5.299720 5.612310 17.312710 0.756130 1.153310 0.798870 1.312890 2.004160 1.025530 2.096220 3.117580 3.838880 1.275520 2.110120 1.856400 0.524110 1.363770 1.166600
0.249490 0.560550 0.322450 0.530140 0.569380 0.424400 1.014270 0.707490 0.480020 0.610080 0.600600 0.364230 0.467000 0.608190 0.509810 0.669350 0.376930 0.582500 0.632170 0.385590 0.478730 0.467190 0.656730 0.548220 0.537940 0.530630 0.455830 0.475830 0.833590 0.438560 0.451890 0.892000 1.092400 1.254880 5.172650 0.457280 0.649670 0.475960 0.717900 1.075010 0.272450 0.461360 0.673790 0.823790 0.413980 0.775640 0.589270 0.259860 0.729670 0.620710
0.584220 1.641520 0.822190 1.560210 1.682680 1.136830 4.580950 3.081880 1.894700 2.612870 0.790360 1.027610 1.118970 1.751170 2.253940 3.110860 1.585120 2.602780 1.293590 0.731770 0.624070 0.614010 0.883720 1.352540 2.402190 2.225010 1.876340 1.344540 1.673610 0.849020 0.592130 1.213210 1.499300 1.768070 7.099770 0.831910 1.299690 0.859710 1.463830 2.242460 0.350590 0.621130 0.907870 1.109530 0.574170 1.199310 0.838440 0.439180 1.518240 1.304120
0.266380 0.593580 0.341720 0.565130 0.605010 0.444870 1.602630 1.097560 0.712060 0.938830 0.331350 0.393280 0.423280 0.652470 0.794010 1.067700 0.574060 0.913580 0.478300 0.308870 0.277220 0.273430 0.347290 0.497480 0.840250 0.809000 0.687110 0.480190 0.630680 0.346080 0.274800 0.466790 0.537360 0.647590 2.430670 0.371850 0.511020 0.392650 0.545370 0.793850 0.197060 0.265200 0.355590 0.418330 0.251810 0.468990 0.319650 0.214750 0.548080 0.467310
0.239660 0.533770 0.309460 0.504660 0.542090 0.406350 1.455850 0.997590 0.650170 0.854230 0.297750 0.346340 0.374030 0.581110 0.716720 0.961230 0.513270 0.823370 0.424810 0.278230 0.251190 0.244900 0.305550 0.444820 0.760000 0.734990 0.624940 0.421620 0.570360 0.312350 0.249360 0.413110 0.472110 0.576410 2.182460 0.339170 0.452160 0.353410 0.481150 0.713690 0.177230 0.230880 0.310870 0.369800 0.219090 0.417700 0.273490 0.186310 0.477350 0.404420
0.253140 0.571890 0.326200 0.538060 0.578180 0.430940 1.098850 0.759500 0.512600 0.653330 0.395700 0.370370 0.416530 0.627020 0.547910 0.722190 0.407260 0.628290 0.894570 0.523290 0.321780 0.315910 0.417040 0.537490 0.573580 0.569730 0.487950 0.616000 1.166360 0.600320 0.316450 0.564560 0.677970 0.857950 5.638550 0.605300 0.889100 0.622630 1.010160 1.539200 0.210640 0.305570 0.429300 0.515330 0.470770 0.942640 0.680890 0.317390 1.033680 0.887360
0.321800 0.686500 0.403060 0.647550 0.693020 0.521660 0.985120 0.700450 0.493370 0.610210 0.532550 0.459780 0.526830 0.760910 0.515520 0.660270 0.399070 0.584800 1.338070 0.779570 0.436870 0.435020 0.576150 0.690610 0.538350 0.539650 0.470240 0.856780 1.729280 0.896580 0.426980 0.784430 0.926230 1.186410 8.610600 0.884450 1.331110 0.926930 1.518230 2.294560 0.291780 0.430110 0.590290 0.701830 0.737520 1.446450 1.078370 0.499310 1.571750 1.346350
0.241510 0.516800 0.306780 0.493540 0.527680 0.394440 0.746790 0.531360 0.379230 0.463960 0.408450 0.345480 0.400590 0.561880 0.388480 0.501930 0.295610 0.439610 1.010570 0.586880 0.336250 0.326350 0.435420 0.525570 0.408480 0.407910 0.356170 0.648580 1.305690 0.674290 0.323420 0.583480 0.689360 0.896650 6.433150 0.674130 1.010500 0.700910 1.147800 1.719610 0.216590 0.320130 0.445510 0.534410 0.560710 1.087480 0.815680 0.376560 1.187720 1.016670
0.275270 0.628200 0.358850 0.600180 0.642910 0.468590 0.672140 0.480340 0.349750 0.420900 1.145240 0.414220 0.661320 0.681990 0.351950 0.450840 0.271220 0.397040 0.518160 0.329280 0.895880 0.893850 1.304480 0.688660 0.368420 0.371580 0.325870 0.368290 0.679730 0.368420 0.855780 1.812240 2.244470 2.399640 7.325970 0.394510 0.544300 0.411710 0.588770 0.858380 0.482320 0.909010 1.340230 1.643820 0.554990 0.923150 0.790320 0.260480 0.592090 0.505440
0.573940 1.552280 0.795470 1.474530 1.589280 1.091120 1.632190 1.123080 0.747360 0.963370 2.878270 0.977030 1.638750 1.663100 0.808200 1.086090 0.591880 0.929420 1.254160 0.732700 2.227960 2.250860 3.341480 1.714960 0.853510 0.832930 0.710450 0.886050 1.631200 0.844260 2.136030 4.688290 5.829880 6.182670 19.050520 0.833810 1.246280 0.870840 1.419020 2.173340 1.127210 2.298810 3.432440 4.232960 1.380270 2.307330 2.015950 0.566000 1.461210 1.253820
0.859470 2.522320 1.231120 2.397780 2.587740 1.719110 2.615960 1.771320 1.111490 1.507060 4.678320 1.570740 2.669590 2.683240 1.287380 1.758110 0.910530 1.483910 2.033050 1.131530 3.602000 3.676890 5.487720 2.797930 1.369020 1.287300 1.089100 1.460040 2.615980 1.319000 3.474570 7.755290 9.649090 10.187380 31.511040 1.254350 1.978650 1.312960 2.302630 3.555650 1.780150 3.762070 5.638280 6.963230 2.265410 3.769240 3.336650 0.872200 2.410760 2.069540
0.882780 2.542880 1.256000 2.417800 2.608560 1.746080 2.688330 1.826260 1.159460 1.556550 4.605290 1.587250 2.659920 2.707090 1.323130 1.799420 0.938510 1.523730 2.178240 1.216420 3.550740 3.619490 5.387500 2.809070 1.405330 1.332220 1.128520 1.541580 2.806700 1.412850 3.423750 7.605320 9.453830 10.021670 31.804140 1.359990 2.124700 1.416900 2.466100 3.796500 1.766060 3.696750 5.535020 6.833150 2.301750 3.868330 3.389190 0.919870 2.574290 2.209920
4.621850 14.503630 6.787160 13.777900 14.884700 9.630480 16.010460 10.704770 6.494190 9.044780 10.336790 8.959190 10.850010 15.435170 7.876050 11.000560 5.508840 9.110690 13.351060 7.286580 7.936020 8.157720 12.191460 10.039700 8.487290 7.750970 6.602630 9.604330 17.118170 8.547430 7.712870 17.302000 21.522720 24.168171 64.141457 7.797740 12.892050 8.369630 15.151580 23.706301 3.872310 8.342280 12.527250 15.482610 11.838280 21.047689 18.149450 5.152210 16.101219 13.822060
0.722880 1.989590 1.005460 1.890010 2.035820 1.380890 2.548740 1.738900 1.114110 1.485950 2.029700 1.258820 1.655470 2.133260 1.277570 1.729910 0.922370 1.466360 3.019200 1.686680 1.582700 1.604540 2.344220 1.956090 1.354800 1.279510 1.091200 2.001200 3.884570 1.964220 1.530700 3.286720 4.055450 4.660610 27.776119 1.850270 2.938440 1.960660 3.427560 5.299330 0.833440 1.631270 2.407690 2.955240 5.862850 9.510540 9.113200 1.756240 3.606270 3.092020
0.458170 1.103310 0.609890 1.052450 1.130010 0.809090 1.756620 1.218160 0.814520 1.049700 0.814190 0.714830 0.833910 1.185490 0.885150 1.175230 0.644900 1.010460 2.084360 1.185990 0.656380 0.643940 0.888720 1.103520 0.935990 0.909620 0.780330 1.366250 2.686170 1.371400 0.627470 1.209580 1.458080 1.874640 13.568350 1.333610 2.048550 1.396650 2.364100 3.606200 0.392320 0.636840 0.910810 1.105070 1.125540 2.227660 1.673300 0.744890 2.462370 2.110900
1.466590 4.315850 2.094900 4.093550 4.418290 2.931060 6.278880 4.230230 2.625920 3.588360 3.057280 2.689020 3.211920 4.614120 3.098400 4.276380 2.195430 3.577660 9.016460 4.950010 2.369840 2.414040 3.545750 4.413870 3.317700 3.081840 2.624700 5.797040 11.573590 5.796420 2.297630 4.992430 6.183030 7.839870 60.865021 5.335220 8.663670 5.701180 10.227970 15.964700 1.224150 2.452430 3.643380 4.482370 4.803390 9.654930 7.386570 2.987130 10.833840 9.300300
0.316440 0.697950 0.405470 0.664280 0.711340 0.527350 1.012240 0.715060 0.503820 0.622080 0.545500 0.461840 0.536030 0.760790 0.521270 0.675860 0.393510 0.591190 1.377530 0.795920 0.445910 0.433170 0.584320 0.708450 0.546910 0.545930 0.474400 0.879520 1.779420 0.915380 0.430500 0.787740 0.938750 1.216580 8.857400 0.906850 1.368480 0.944800 1.563040 2.359660 0.283060 0.427120 0.599350 0.720640 0.756930 1.481410 1.110060 0.502930 1.619470 1.387320
0.396120 1.018420 0.537310 0.967650 1.041370 0.727460 1.489750 1.024340 0.663880 0.877400 0.752840 0.651530 0.769160 1.098550 0.742820 0.990910 0.539540 0.852790 2.090130 1.166500 0.599640 0.591800 0.844700 1.038250 0.785820 0.756800 0.643960 1.330870 2.686190 1.357610 0.568010 1.162830 1.423860 1.824370 13.937400 1.284390 2.020990 1.350450 2.367540 3.661690 0.341180 0.598000 0.864900 1.055070 1.113310 2.240530 1.693710 0.718390 2.480650 2.130750
0.171390 0.257780 0.192800 0.249130 0.261150 0.223680 0.280410 0.226970 0.201820 0.210270 0.410890 0.197210 0.266330 0.299770 0.184580 0.207120 0.170680 0.198500 0.226060 0.184490 0.342790 0.333460 0.444600 0.273300 0.183920 0.199740 0.186600 0.172910 0.300250 0.195080 0.326990 0.591650 0.690400 0.761920 2.093300 0.231590 0.279330 0.256020 0.263270 0.321040 0.227530 0.335440 0.454140 0.537950 0.233520 0.361010 0.291030 0.162750 0.253520 0.214220
0.222650 0.453090 0.276470 0.431290 0.460400 0.352230 0.488600 0.360650 0.279740 0.320090 0.809840 0.306960 0.472930 0.501110 0.267440 0.329500 0.220070 0.299500 0.375380 0.256230 0.640140 0.634290 0.909750 0.490200 0.275570 0.289110 0.257720 0.268720 0.498960 0.283850 0.611340 1.253150 1.542730 1.663570 5.038090 0.313420 0.410840 0.333280 0.428930 0.608860 0.360520 0.640370 0.933160 1.139790 0.397630 0.658060 0.551280 0.210960 0.424820 0.361160
0.386030 0.972900 0.517750 0.924800 0.993650 0.695610 1.019380 0.714920 0.484280 0.619070 1.767100 0.627630 1.023320 1.050330 0.526970 0.686080 0.396670 0.599600 0.792550 0.473760 1.376870 1.392440 2.045050 1.064220 0.553950 0.541610 0.467960 0.575510 1.029570 0.542040 1.321040 2.864720 3.538220 3.761110 11.473520 0.550330 0.806740 0.579300 0.902780 1.339550 0.716380 1.419400 2.099620 2.579970 0.867180 1.436540 1.249650 0.382410 0.930260 0.794160
0.298190 0.701200 0.392690 0.669520 0.717820 0.516790 0.744840 0.530070 0.378490 0.462860 1.269280 0.459210 0.738640 0.751840 0.387170 0.500640 0.291330 0.437150 0.576770 0.359270 0.995580 0.994780 1.455260 0.766700 0.407430 0.406970 0.355410 0.411260 0.754250 0.401810 0.943060 2.022040 2.493600 2.660310 8.052850 0.427800 0.599790 0.445920 0.655320 0.954730 0.532310 1.016460 1.493550 1.830470 0.616020 1.028270 0.888440 0.281580 0.662980 0.566200
0.289160 0.669520 0.374700 0.632690 0.679460 0.496710 0.814460 0.575590 0.403020 0.498980 0.839080 0.437040 0.594660 0.737550 0.418390 0.538100 0.324010 0.476130 0.826910 0.492540 0.661410 0.657820 0.941440 0.658170 0.436740 0.439130 0.380210 0.550380 1.082120 0.567440 0.636160 1.303720 1.601860 1.796210 8.833600 0.566930 0.830810 0.592980 0.936740 1.427950 0.370020 0.660560 0.967160 1.182870 2.010090 3.197930 3.104790 0.577590 0.961180 0.821770
0.660780 1.802220 0.918620 1.715780 1.847580 1.257190 2.328440 1.592910 1.021260 1.362770 1.819980 1.142010 1.496150 1.923780 1.166270 1.575700 0.838100 1.337460 2.783610 1.558630 1.422060 1.425870 2.094010 1.773790 1.235720 1.171370 0.996090 1.840420 3.571330 1.810350 1.357870 2.917070 3.607220 4.172890 24.966660 1.710090 2.706740 1.812680 3.159310 4.860830 0.748510 1.456020 2.149660 2.639490 5.133590 8.374710 7.987650 1.577750 3.320290 2.847380
0.326310 0.818500 0.440120 0.777590 0.837030 0.592880 1.025260 0.710430 0.484250 0.611920 0.935480 0.520460 0.702930 0.877510 0.507750 0.671450 0.372240 0.581750 1.096760 0.627540 0.735240 0.723890 1.053500 0.791760 0.534660 0.531680 0.455920 0.715700 1.423400 0.723400 0.694830 1.448880 1.795140 2.043470 11.284230 0.720120 1.080510 0.741370 1.239710 1.893000 0.396290 0.732450 1.081510 1.328010 2.858740 4.544460 4.449440 0.772040 1.278240 1.097320
0.307960 0.710120 0.398260 0.674110 0.722490 0.523570 1.011930 0.712070 0.481640 0.617010 0.553630 0.469100 0.544900 0.774390 0.527040 0.685230 0.398040 0.598920 1.381450 0.792350 0.447440 0.441070 0.607890 0.719310 0.554430 0.539600 0.466590 0.896920 1.781250 0.917820 0.428600 0.829810 0.998140 1.270680 9.258640 0.884750 1.362880 0.937540 1.570920 2.398780 0.273080 0.440360 0.623810 0.752970 0.858920 1.639620 1.287070 0.523730 1.641200 1.405320
0.494590 1.298800 0.678060 1.233420 1.328780 0.923950 1.907170 1.305270 0.848380 1.116960 0.961860 0.820900 0.973700 1.391650 0.941330 1.264150 0.677500 1.082190 2.678070 1.489540 0.760110 0.746980 1.071340 1.322960 0.995710 0.961590 0.816860 1.700450 3.442140 1.734830 0.722410 1.471830 1.814480 2.331860 17.858820 1.643890 2.588900 1.721980 3.033560 4.688510 0.423710 0.750460 1.100670 1.347620 1.422730 2.865460 2.167360 0.906630 3.178890 2.728910
0.368280 0.958110 0.505750 0.912060 0.982330 0.686250 1.411710 0.968160 0.633160 0.829390 0.715090 0.606160 0.720670 1.019210 0.694990 0.932420 0.497130 0.798210 1.976600 1.095180 0.566430 0.552130 0.792410 0.978010 0.736910 0.713980 0.607460 1.253020 2.541830 1.277690 0.531930 1.078670 1.332700 1.721470 13.160010 1.219750 1.913510 1.269670 2.238550 3.449010 0.314790 0.554060 0.813200 0.996190 1.050370 2.112580 1.597090 0.671240 2.342510 2.010950

0.000000 21.329695 22.164885 19.862193 17.497129 25.716141 29.884596 37.743859 44.418996 50.912719 29.999141 30.589863 32.762420 30.373854 32.504701 35.484223 36.076004 40.722602 43.322035 50.747477 33.860762 35.709703 37.078297 40.020191 40.346398 42.871363 43.861484 45.483773 48.877461 53.366203 42.329383 41.402176 43.376605 45.815961 47.707547 47.094922 46.561961 47.996227 48.508824 54.490129 47.996230 47.689297 47.077148 48.603148 49.999074 49.100895 51.976891 50.120445 52.544211 53.391145
21.329695 0.000000 7.483431 11.747816 21.620230 11.095268 18.559127 25.462605 35.245848 44.538930 9.695656 9.296834 12.015410 12.210629 14.594098 17.248197 19.877377 23.340000 27.011754 35.433578 13.281900 14.529844 15.860766 19.529822 20.776314 23.081146 24.930912 26.966082 31.074908 36.719176 21.656258 20.073027 22.061510 24.531102 26.650721 26.158012 25.967209 27.355803 29.033691 36.326043 30.176607 28.353283 26.165205 27.340043 28.756287 28.086961 30.851229 29.284113 31.767580 32.994523
22.164885 7.483431 0.000000 5.345542 16.425949 4.212585 11.277110 18.653256 28.047350 37.146574 15.304349 11.670716 11.931308 8.225338 10.347330 13.327377 14.474446 18.802023 21.863471 29.935090 18.059166 17.902215 16.880510 18.401469 18.262598 20.814635 21.697686 23.360010 26.936701 31.908838 25.587043 21.779908 23.365398 25.453258 26.560289 25.760055 24.859848 26.306230 26.356633 32.492693 35.994922 33.346789 29.444396 29.521906 29.295041 27.841123 30.875766 28.589109 30.909240 31.464168
19.862193 11.747816 5.345542 0.000000 11.134879 6.605300 10.261158 18.211686 26.323410 34.603637 20.475295 17.004266 16.946455 12.170850 13.775566 16.618641 16.387393 21.184209 23.509943 30.905975 23.367869 23.238746 21.950006 22.797797 22.035801 24.598311 24.885578 26.227744 29.275279 33.524309 30.927424 26.893279 28.373008 30.336018 31.113123 30.217969 29.056191 30.491943 29.717369 34.913645 41.220234 38.675195 34.732184 34.648789 34.012477 32.314877 35.399098 32.875055 35.084891 35.320770
17.497129 21.620230 16.425949 11.134879 0.000000 17.191164 16.805973 23.470289 27.961041 33.568414 31.051119 28.092100 28.032752 22.834389 24.016477 26.564953 25.038336 29.918244 31.162785 37.063563 34.214156 34.316895 33.041934 33.446871 32.165434 34.663297 34.323254 35.246977 37.499594 40.534309 41.989082 37.995168 39.419000 41.295000 41.800523 40.827832 39.433984 40.839156 39.190914 43.031410 51.751680 49.544629 45.860855 45.749137 44.825184 42.920180 46.027422 43.293129 45.365066 45.247500
25.716141 11.095268 4.212585 6.605300 17.191164 0.000000 7.510438 14.516243 24.151055 33.511605 17.235002 12.323808 11.147738 5.656973 7.173981 10.051243 10.456563 15.007578 17.823334 25.781369 19.316684 18.364943 16.103412 16.304038 15.430729 17.993926 18.384250 19.845350 23.164287 27.895217 25.979082 21.051822 22.334277 24.125744 24.651045 23.715510 22.479092 23.910584 23.182211 28.773990 37.407789 34.214598 29.324482 28.763008 27.638830 25.812656 28.910242 26.310924 28.496719 28.717232
29.884596 18.559127 11.277110 10.261158 16.805973 7.510438 0.000000 7.950581 16.771521 26.002490 24.318004 18.811238 16.479262 10.229038 9.857568 11.348273 8.537160 13.274974 14.382927 20.971488 25.914436 24.331541 20.874486 19.038365 16.731225 18.990098 17.983166 18.629926 20.693713 24.015553 31.587779 25.526520 26.309717 27.546799 27.037344 25.901840 24.068984 25.370057 22.768789 26.233891 43.819902 40.145000 34.241809 32.841227 30.330781 27.906762 30.974088 27.876074 29.664842 29.106842
37.743859 25.462605 18.653256 18.211686 23.470289 14.516243 7.950581 0.000000 10.379427 20.452398 29.460871 23.398246 20.075250 14.661496 13.017336 12.589613 8.093260 10.441531 9.112675 13.593301 30.195418 27.843990 23.307344 19.593689 16.252379 17.737613 15.418056 15.054774 15.483023 17.227342 34.236805 27.182543 27.340736 27.863627 26.270096 25.021268 22.738564 23.767246 19.471793 20.506652 47.255410 42.931922 35.894590 33.559625 29.645936 26.754406 29.568691 26.163258 27.399875 26.073455
44.418996 35.245848 28.047350 26.323410 27.961041 24.151055 16.771521 10.379427 0.000000 10.159260 39.816191 33.774516 30.434693 25.005922 23.395762 22.792170 18.290240 19.350080 16.298713 14.894138 40.565871 38.147398 33.456305 29.268412 25.688498 26.658885 23.724680 22.585799 21.067943 19.441199 44.303527 37.031813 36.943031 37.115387 34.961367 33.700016 31.251012 32.025766 26.681369 24.420967 57.451035 52.971164 45.592020 42.866734 38.250461 35.167516 37.668680 34.198414 34.913547 32.958203
50.912719 44.538930 37.146574 34.603637 33.568414 33.511605 26.002490 20.452398 10.159260 0.000000 49.738984 43.771633 40.526613 34.946551 33.449066 32.943809 28.438014 29.381627 26.063084 22.652920 50.636797 48.280973 43.615332 39.376523 35.763363 36.601008 33.534891 32.186104 30.032221 26.956201 54.458473 47.158840 47.014344 47.083605 44.748891 43.494473 41.011895 41.683266 36.040977 32.365539 67.609602 63.120953 55.672125 52.830793 47.976539 44.846852 47.190184 43.737031 44.215063 42.009930
29.999141 9.695656 15.304349 20.475295 31.051119 17.235002 24.318004 29.460871 39.816191 49.738984 0.000000 6.201048 10.119229 14.810872 16.554816 18.010398 22.081957 23.754590 27.895709 36.250414 3.869686 6.523659 10.641571 16.107500 18.883941 20.449420 23.308547 25.601145 30.063449 36.331938 12.331294 12.990619 15.162924 17.775908 20.833896 20.755883 21.451088 22.613734 26.189596 34.498395 20.755176 18.659746 17.103295 19.093828 22.049027 22.314457 24.555691 23.932219 26.412842 28.356490
30.589863 9.296834 11.670716 17.004266 28.092100 12.323808 18.811238 23.398246 33.774516 43.771633 6.201048 0.000000 4.040071 8.854439 10.415017 11.816678 15.895334 17.639904 21.757922 30.162152 7.104943 6.235128 6.592665 10.997126 13.203872 15.089015 17.634910 19.884455 24.299385 30.461678 13.927700 10.855921 12.788555 15.236633 17.437316 17.027355 17.108818 18.436021 21.024687 29.026797 25.126338 21.924865 17.833883 18.355531 19.460564 18.893014 21.590299 20.197969 22.701801 24.174877
32.762420 12.015410 11.931308 16.946455 28.032752 11.147738 16.479262 20.075250 30.434693 40.526613 10.119229 4.040071 0.000000 6.262692 7.119496 7.974198 12.268278 13.638661 17.776504 26.148455 10.144005 7.921142 5.009279 7.518570 9.260167 11.302857 13.666195 15.892822 20.286580 26.425994 15.136457 9.965700 11.444098 13.536349 14.967349 14.332885 13.965796 15.367769 17.281139 25.101631 27.480340 23.665900 18.196523 17.716980 17.477918 16.343470 19.264148 17.385141 19.839934 20.980053
30.373854 12.210629 8.225338 12.170850 22.834389 5.656973 10.229038 14.661496 25.005922 34.946551 14.810872 8.854439 6.262692 0.000000 2.393243 5.248908 7.812785 11.183106 14.803164 23.245143 15.874258 14.106630 10.898893 10.650246 10.058575 12.620786 13.523442 15.293813 19.123141 24.556115 21.396520 15.757816 16.873002 18.547713 18.994467 18.066199 16.895896 18.335432 18.135969 24.564031 33.626000 29.920982 24.293025 23.370459 21.990836 20.163670 23.258027 20.705877 22.935613 23.315473
32.504701 14.594098 10.347330 13.775566 24.016477 7.173981 9.857568 13.017336 23.395762 33.449066 16.554816 10.415017 7.119496 2.393243 0.000000 2.980159 5.621007 8.791931 12.431660 20.891836 17.188088 15.010874 11.070574 9.565182 8.265685 10.824300 11.360534 13.026715 16.766982 22.162984 21.924604 15.668969 16.498502 17.889836 17.870195 16.848758 15.425510 16.840436 16.081292 22.242521 34.557926 30.570299 24.394805 23.037588 21.018008 18.932176 22.042189 19.280930 21.399107 21.545330
35.484223 17.248197 13.327377 16.618641 26.564953 10.051243 11.348273 12.589613 22.792170 32.943809 18.010398 11.816678 7.974198 5.248908 2.980159 0.000000 4.509427 6.136308 10.074709 18.561225 18.036613 15.386878 10.717957 7.722829 5.610323 8.100742 8.385725 10.058789 13.895177 19.485105 21.656830 14.780841 15.239264 16.263697 15.721789 14.616018 12.951274 14.324696 13.137601 19.315324 34.680555 30.354037 23.562111 21.705195 18.991354 16.656951 19.752355 16.809066 18.808990 18.763154
36.076004 19.877377 14.474446 16.387393 25.038336 10.456563 8.537160 8.093260 18.290240 28.438014 22.081957 15.895334 12.268278 7.812785 5.621007 4.509427 0.000000 4.904250 7.389030 15.607656 22.404795 19.864701 15.219635 11.705676 8.700542 10.692028 9.446011 10.208735 12.891043 17.446246 26.143586 19.139117 19.417549 20.165813 19.057510 17.858623 15.827509 17.056352 14.246453 18.530139 39.189941 34.838687 27.888676 25.768637 22.421557 19.774064 22.775088 19.554074 21.223406 20.573557
40.722602 23.340000 18.802023 21.184209 29.918244 15.007578 13.274974 10.441531 19.350080 29.381627 23.754590 17.639904 13.638661 11.183106 8.791931 6.136308 4.904250 0.000000 4.165902 12.527338 23.276402 20.228443 15.024615 10.096706 6.412473 7.387325 5.050186 5.355118 8.157670 13.380879 25.408082 17.907633 17.638277 17.776158 15.880437 14.623814 12.303868 13.328445 9.576996 13.770208 38.728293 33.956184 26.298045 23.525459 19.244967 16.318031 19.131254 15.740563 17.096096 16.083865
43.322035 27.011754 21.863471 23.509943 31.162785 17.823334 14.382927 9.112675 16.298713 26.063084 27.895709 21.757922 17.776504 14.803164 12.431660 10.074709 7.389030 4.165902 0.000000 8.492328 27.438697 24.363936 19.121953 13.978497 10.268437 10.622319 7.471825 6.345024 6.485164 10.075347 29.311654 21.731723 21.258682 21.086033 18.697615 17.439930 14.970602 15.727614 10.642570 11.878311 42.652266 37.768566 29.885986 26.815172 21.961729 18.869346 21.398799 17.929215 18.809373 17.179764
50.747477 35.433578 29.935090 30.905975 37.063563 25.781369 20.971488 13.593301 14.894138 22.652920 36.250414 30.162152 26.148455 23.245143 20.891836 18.561225 15.607656 12.527338 8.492328 0.000000 35.547305 32.313250 26.976527 21.467008 17.906389 17.425096 13.999880 11.891616 8.207935 4.547063 36.487688 28.855967 27.972521 27.209502 24.083021 22.923197 20.451818 20.699412 14.559684 9.740000 49.757270 44.607293 36.302473 32.678930 26.946674 23.782736 25.607273 22.309113 22.269234 19.755297
33.860762 13.281900 18.059166 23.367869 34.214156 19.316684 25.914436 30.195418 40.565871 50.636797 3.869686 7.104943 10.144005 15.874258 17.188088 18.036613 22.404795 23.276402 27.438697 35.547305 0.000000 3.591245 8.776629 14.488578 17.729420 18.879344 22.018230 24.321219 28.781648 35.152664 8.481526 9.839014 11.984373 14.560748 17.903439 17.996748 19.034020 20.062072 24.290020 32.793508 18.094775 15.331877 13.233608 15.342203 18.748002 19.359867 21.357098 21.100004 23.524268 25.698209
35.709703 14.529844 17.902215 23.238746 34.316895 18.364943 24.331541 27.843990 38.147398 48.280973 6.523659 6.235128 7.921142 14.106630 15.010874 15.386878 19.864701 20.228443 24.363936 32.313250 3.591245 0.000000 5.354967 11.037216 14.418488 15.405312 18.615816 20.909738 25.351830 31.738469 7.694318 6.477522 8.650086 11.260574 14.434587 14.465799 15.446462 16.489678 20.725051 29.249217 19.559297 15.886441 11.740879 12.911086 15.526414 15.904815 18.051119 17.598117 20.047059 22.152043
37.078297 15.860766 16.880510 21.950006 33.041934 16.103412 20.874486 23.307344 33.456305 43.615332 10.641571 6.592665 5.009279 10.898893 11.070574 10.717957 15.219635 15.024615 19.121953 26.976527 8.776629 5.354967 0.000000 5.712198 9.072347 10.103220 13.267683 15.565413 20.016785 26.397328 10.956144 4.959115 6.505181 8.774694 10.854845 10.503298 10.871201 12.105640 15.623576 24.061027 23.995717 19.651033 13.403542 12.707750 12.920929 12.318396 14.998996 13.694645 16.203570 17.874791
40.020191 19.529822 18.401469 22.797797 33.446871 16.304038 19.038365 19.593689 29.268412 39.376523 16.107500 10.997126 7.518570 10.650246 9.565182 7.722829 11.705676 10.096706 13.978497 21.467008 14.488578 11.037216 5.712198 0.000000 3.712259 4.395685 7.593665 9.877982 14.314619 20.702180 15.337546 7.812467 7.747076 8.543896 8.353760 7.420219 6.541858 7.977234 10.107479 18.411148 28.675457 23.859490 16.342674 14.067556 11.453073 9.517341 12.607957 10.190803 12.550105 13.481226
40.346398 20.776314 18.262598 22.035801 32.165434 15.430729 16.731225 16.252379 25.688498 35.763363 18.883941 13.203872 9.260167 10.058575 8.265685 5.610323 8.700542 6.412473 10.268437 17.906389 17.729420 14.418488 9.072347 3.712259 0.000000 2.568081 4.438861 6.718936 11.179805 17.482035 19.049766 11.505295 11.255103 11.611277 10.376952 9.201277 7.366757 8.721378 8.288452 15.841619 32.387533 27.556947 19.909473 17.316969 13.729134 11.179140 14.243205 11.213982 13.201174 13.290598
42.871363 23.081146 20.814635 24.598311 34.663297 17.993926 18.990098 17.737613 26.658885 36.601008 20.449420 15.089015 11.302857 12.620786 10.824300 8.100742 10.692028 7.387325 10.622319 17.425096 18.879344 15.405312 10.103220 4.395685 2.568081 0.000000 3.428569 5.606436 9.973456 16.367855 19.070313 11.434379 10.703511 10.484010 8.534068 7.290389 5.136898 6.384072 5.981049 14.049005 32.371371 27.321295 19.284203 16.229788 11.912700 9.112687 12.084738 8.889563 10.741054 10.724224
43.861484 24.930912 21.697686 24.885578 34.323254 18.384250 17.983166 15.418056 23.724680 33.534891 23.308547 17.634910 13.666195 13.523442 11.360534 8.385725 9.446011 5.050186 7.471825 13.999880 22.018230 18.615816 13.267683 7.593665 4.438861 3.428569 0.000000 2.305586 6.776381 13.134440 22.498879 14.862868 14.091241 13.681965 11.237948 9.977569 7.530541 8.405218 4.874685 11.463531 35.797000 30.727174 22.615643 19.382590 14.533309 11.490156 14.183537 10.753604 12.045924 11.139684
45.483773 26.966082 23.360010 26.227744 35.246977 19.845350 18.629926 15.054774 22.585799 32.186104 25.601145 19.884455 15.892822 15.293813 13.026715 10.058789 10.208735 5.355118 6.345024 11.891616 24.321219 20.909738 15.565413 9.877982 6.718936 5.606436 2.305586 0.000000 4.471553 10.832538 24.610980 16.989617 16.084992 15.446214 12.645252 11.413157 8.905642 9.497382 4.418566 9.359964 37.866223 32.726275 24.489109 21.055637 15.803408 12.662139 15.082882 11.612648 12.477202 11.021523
48.877461 31.074908 26.936701 29.275279 37.499594 23.164287 20.693713 15.483023 21.067943 30.032221 30.063449 24.299385 20.286580 19.123141 16.766982 13.895177 12.891043 8.157670 6.485164 8.207935 28.781648 25.351830 20.016785 14.314619 11.179805 9.973456 6.776381 4.471553 0.000000 6.394409 28.743951 21.178535 20.087766 19.127508 15.896418 14.755893 12.311662 12.497735 6.352928 5.639097 41.893160 36.643445 28.234938 24.512510 18.739586 15.574832 17.464826 14.123811 14.251116 11.982834
53.366203 36.719176 31.908838 33.524309 40.534309 27.895217 24.015553 17.227342 19.441199 26.956201 36.331938 30.461678 26.425994 24.556115 22.162984 19.485105 17.446246 13.380879 10.075347 4.547063 35.152664 31.738469 26.397328 20.702180 17.482035 16.367855 13.134440 10.832538 6.394409 0.000000 35.032504 27.510893 26.330744 25.187998 21.736506 20.682043 18.340391 18.294727 12.159998 5.493836 48.091328 42.771578 34.268004 30.357658 24.284057 21.196477 22.611852 19.522744 19.071232 16.318764
42.329383 21.656258 25.587043 30.927424 41.989082 25.979082 31.587779 34.236805 44.303527 54.458473 12.331294 13.927700 15.136457 21.396520 21.924604 21.656830 26.143586 25.408082 29.311654 36.487688 8.481526 7.694318 10.956144 15.337546 19.049766 19.070313 22.498879 24.610980 28.743951 35.032504 0.000000 7.637168 8.735253 10.434050 14.289213 14.960191 16.927531 17.413143 23.051100 31.509410 13.341970 8.697379 4.924146 8.218669 13.601316 15.466899 16.366068 17.434125 19.453467 22.201803
41.402176 20.073027 21.779908 26.893279 37.995168 21.051822 25.526520 27.182543 37.031813 47.158840 12.990619 10.855921 9.965700 15.757816 15.668969 14.780841 19.139117 17.907633 21.731723 28.855967 9.839014 6.477522 4.959115 7.812467 11.505295 11.434379 14.862868 16.989617 21.178535 27.510893 7.637168 0.000000 2.172806 4.785289 8.096424 8.323646 9.797511 10.585398 15.704782 24.264695 20.960256 16.051666 8.785916 7.755569 9.068399 9.535991 11.573974 11.327090 13.711569 16.017717
43.376605 22.061510 23.365398 28.373008 39.419000 22.334277 26.309717 27.340736 36.943031 47.014344 15.162924 12.788555 11.444098 16.873002 16.498502 15.239264 19.417549 17.638277 21.258682 27.972521 11.984373 8.650086 6.505181 7.747076 11.255103 10.703511 14.091241 16.084992 20.087766 26.330744 8.735253 2.172806 0.000000 2.613542 6.051227 6.433541 8.210085 8.811068 14.315903 22.789900 21.810539 16.644713 8.659808 6.539259 6.905749 7.453499 9.402431 9.301879 11.633034 14.045790
45.815961 24.531102 25.453258 30.336018 41.295000 24.125744 27.546799 27.863627 37.115387 47.083605 17.775908 15.236633 13.536349 18.547713 17.889836 16.263697 20.165813 17.776158 21.086033 27.209502 14.560748 11.260574 8.774694 8.543896 11.611277 10.484010 13.681965 15.446214 19.127508 25.187998 10.434050 4.785289 2.613542 0.000000 3.856116 4.600943 6.848599 7.071570 13.033898 21.267234 22.968912 17.589488 9.107447 5.751442 4.302097 5.105903 6.800478 7.045694 9.237687 11.829350
47.707547 26.650721 26.560289 31.113123 41.800523 24.651045 27.037344 26.270096 34.961367 44.748891 20.833896 17.437316 14.967349 18.994467 17.870195 15.721789 19.057510 15.880437 18.697615 24.083021 17.903439 14.434587 10.854845 8.353760 10.376952 8.534068 11.237948 12.645252 15.896418 21.736506 14.289213 8.096424 6.051227 3.856116 0.000000 1.262583 3.743734 3.441779 9.612472 17.569127 26.654465 21.203084 12.603969 8.633109 3.380652 1.483917 4.317268 3.251567 5.620927 8.016395
