10

0.000000 0.006475 0.007636 0.020056 0.004695 0.006200 0.011699 0.002245 0.008866 0.007255
0.006475 0.000000 0.013012 0.013705 0.003325 0.005581 0.003882 0.003205 0.006706 0.004202
0.007636 0.013012 0.000000 0.035169 0.005962 0.014135 0.005957 0.005774 0.016594 0.004246
0.020056 0.013705 0.035169 0.000000 0.019113 0.035153 0.021444 0.027369 0.051391 0.015841
0.004695 0.003325 0.005962 0.019113 0.000000 0.007291 0.003105 0.001564 0.007187 0.001919
0.006200 0.005581 0.014135 0.035153 0.007291 0.000000 0.005028 0.003515 0.010429 0.003546
0.011699 0.003882 0.005957 0.021444 0.003105 0.005028 0.000000 0.011568 0.006485 0.034294
0.002245 0.003205 0.005774 0.027369 0.001564 0.003515 0.011568 0.000000 0.005620 0.007102
0.008866 0.006706 0.016594 0.051391 0.007187 0.010429 0.006485 0.005620 0.000000 0.004452
0.007255 0.004202 0.004246 0.015841 0.001919 0.003546 0.034294 0.007102 0.004452 0.000000

0.00 576.96 946.50 597.60 373.81 559.77 709.02 1208.33 603.65 695.21
576.96 0.00 369.53 613.04 429.11 312.88 1196.49 1502.14 405.90 1241.96
946.50 369.53 0.00 858.33 749.60 556.07 1541.27 1764.79 621.33 1603.17
597.60 613.04 858.33 0.00 255.03 311.31 790.12 907.43 237.07 932.22
373.81 429.11 749.60 255.03 0.00 225.90 794.17 1080.37 238.94 879.56
559.77 312.88 556.07 311.31 225.90 0.00 1009.69 1216.87 94.26 1104.57
709.02 1196.49 1541.27 790.12 794.17 1009.69 0.00 663.88 982.74 221.42
1208.33 1502.14 1764.79 907.43 1080.37 1216.87 663.88 0.00 1143.79 874.52
603.65 405.90 621.33 237.07 238.94 94.26 982.74 1143.79 0.00 1094.91
695.21 1241.96 1603.17 932.22 879.56 1104.57 221.42 874.52 1094.91 0.00 
