40

0.616980 1.510670 1.714620 1.833510 1.439060 0.451730 0.702600 0.512980 0.721060 1.414040 0.633220 1.497190 0.632560 0.355810 0.503370 0.358070 0.506070 0.451910 0.462950 0.496360 0.602740 0.360770 0.484380 0.335660 0.431810 0.717310 1.072130 2.212660 0.380750 0.558340 0.447940 0.512100 0.376760 0.523810 0.461390 0.463230 0.517110 0.362880 0.422880 0.370280
0.961360 2.616450 3.017260 3.236210 2.488510 0.648810 1.124700 0.765060 1.165080 2.465430 1.009200 2.546940 1.015190 0.478230 0.764840 0.480290 0.759910 0.667580 0.678080 0.750310 0.943390 0.488330 0.692320 0.448060 0.628430 1.151120 1.797000 3.896050 0.481820 0.695910 0.649020 0.778820 0.518390 0.802120 0.675150 0.696330 0.756390 0.509340 0.605010 0.533230
3.710920 11.496240 13.439560 14.437750 10.928680 2.281450 4.566380 2.811310 4.766920 10.894080 4.140360 11.097730 4.198570 1.581120 3.003890 1.641220 2.885630 2.510520 2.510390 2.951870 3.833960 1.662580 2.469010 1.448890 2.293930 4.736550 7.701420 17.550301 1.416630 2.006070 2.411230 2.983610 1.763110 3.181900 2.498760 2.702690 2.839440 1.771410 2.168720 1.978350
1.540490 4.494420 5.219850 5.608870 4.267150 0.985200 1.826890 1.191740 1.915750 4.239410 1.652140 4.345190 1.656480 0.689190 1.214290 0.696810 1.195890 1.024860 1.050520 1.190680 1.521880 0.705940 1.031630 0.621290 0.946350 1.860250 3.023060 6.751860 0.654700 0.925180 0.962150 1.216230 0.759860 1.283160 1.045290 1.079240 1.156630 0.736460 0.867800 0.789770
1.158040 3.246020 3.754250 4.030480 4.397980 1.618070 3.119880 1.979910 1.621370 3.060880 1.288190 4.094010 2.909110 1.139580 2.013700 1.033060 1.168190 1.015970 1.265900 2.031510 2.602720 1.156260 1.537840 0.926340 0.936790 1.825880 2.914810 7.264150 0.932590 1.327990 1.495180 1.826140 0.755750 1.258590 1.025740 1.132860 1.375310 0.831520 1.353440 1.229130
0.432700 0.926430 1.028290 1.096410 2.157970 1.154960 2.166260 1.399840 0.665660 0.858470 0.469110 1.817170 2.000050 0.821920 1.378020 0.708250 0.592960 0.528380 0.760890 1.400950 1.807620 0.819930 1.040010 0.641700 0.500380 0.874080 1.344640 3.623230 0.666950 0.953360 0.994070 1.211370 0.425340 0.622590 0.535710 0.601950 0.806850 0.488860 0.905700 0.817550
0.598550 1.461080 1.659280 1.775260 3.548720 1.832790 3.561410 2.249030 1.020850 1.366980 0.688170 2.967160 3.327300 1.286890 2.254670 1.100120 0.897050 0.782260 1.182870 2.300460 2.970340 1.292900 1.640360 0.985070 0.731110 1.374590 2.173020 6.039350 0.987530 1.407560 1.597620 1.952450 0.598200 0.955670 0.792900 0.922550 1.251270 0.726160 1.442610 1.311670
0.535130 1.225430 1.387010 1.479320 2.907620 1.518680 2.908360 1.854080 0.875090 1.154420 0.612210 2.438060 2.716030 1.086800 1.863090 0.937630 0.776560 0.684660 1.004000 1.896590 2.429870 1.090050 1.382160 0.845610 0.640170 1.170990 1.808570 4.940110 0.858780 1.226460 1.355950 1.618130 0.536610 0.826600 0.693690 0.798030 1.071790 0.640300 1.231070 1.114290
0.694190 1.765690 2.017300 2.160420 1.903090 0.633430 1.090730 0.745800 1.693870 1.656590 0.944910 1.884360 0.978560 0.464150 0.885140 0.686070 1.671370 1.450020 1.210180 0.786550 0.917150 0.518880 1.007550 0.618600 1.330580 2.670100 4.294690 8.526540 0.650620 0.919540 0.957320 1.168430 1.053120 1.821860 1.457830 1.445040 1.370030 0.909070 0.868420 0.786630
1.118620 3.150960 3.640770 3.910060 2.993640 0.734250 1.316120 0.877220 1.366070 2.962140 1.171270 3.050750 1.171640 0.517570 0.868170 0.522310 0.867780 0.747370 0.767150 0.851860 1.093430 0.531320 0.764820 0.477120 0.700070 1.321080 2.123580 4.709150 0.510860 0.733550 0.701090 0.888130 0.568320 0.915870 0.763530 0.779820 0.842060 0.550640 0.643520 0.576350
1.629820 4.812580 5.589070 6.009130 4.659190 1.090360 2.061100 1.328460 2.393300 4.530410 1.838100 4.709990 1.858450 0.754340 1.416560 0.852820 1.716910 1.475720 1.390180 1.348390 1.707830 0.791370 1.284020 0.756640 1.350750 2.746200 4.490030 9.737830 0.785400 1.100040 1.211060 1.533020 1.063790 1.866580 1.491700 1.524890 1.551580 0.988940 1.089120 0.993400
2.680660 8.083410 9.420030 10.129880 9.057500 2.571950 5.075240 3.177320 3.590040 7.631110 2.976290 8.787110 4.703650 1.772760 3.279450 1.676860 2.336530 2.023930 2.287850 3.271050 4.211280 1.813710 2.533770 1.486940 1.858130 3.767620 6.143590 14.788310 1.472250 2.080400 2.458800 3.071490 1.440660 2.549260 2.028180 2.229240 2.513730 1.517450 2.206050 2.017030
0.808920 2.198460 2.516460 2.703490 5.565480 2.799540 5.584000 3.470870 1.488430 2.045070 0.946320 4.595240 5.201070 1.917470 3.476750 1.617620 1.288730 1.104860 1.749720 3.551300 4.632400 1.928260 2.455290 1.431210 1.016800 2.021830 3.310020 9.576780 1.404050 1.986630 2.383200 2.992650 0.802760 1.380720 1.120780 1.324300 1.827470 1.004730 2.130140 1.954250
0.383300 0.775600 0.853550 0.908430 1.763390 0.967300 1.772350 1.164240 0.567310 0.715260 0.392900 1.498750 1.625810 0.693170 1.135290 0.599240 0.508730 0.448960 0.643960 1.152640 1.487190 0.687990 0.870950 0.540660 0.429950 0.722090 1.106360 2.911120 0.577870 0.824290 0.819130 1.001740 0.366060 0.520370 0.459460 0.502880 0.676480 0.411520 0.744900 0.673280
0.471170 1.080150 1.204030 1.288520 2.382780 1.226520 2.335490 1.494220 0.813950 0.992770 0.526980 2.018210 2.141520 0.860130 1.693620 1.091000 0.739470 0.645230 0.867710 1.579040 1.935620 0.930170 1.640080 0.972980 0.607660 1.120540 1.778520 6.742360 0.978410 1.378560 1.578920 1.967410 0.500750 0.779110 0.656190 0.883020 1.325770 0.774500 1.421770 1.296970
0.314760 0.572010 0.606890 0.643390 0.860620 0.456440 0.747890 0.528480 0.528720 0.510280 0.332870 0.788100 0.634400 0.337720 0.910840 0.972330 0.516090 0.456930 0.460520 0.647710 0.619810 0.470840 1.460500 0.865580 0.437450 0.744540 1.165560 6.469490 0.883080 1.231630 1.396140 1.742570 0.368630 0.530140 0.465520 0.759760 1.269790 0.756330 1.256690 1.145650
0.338110 0.631680 0.684400 0.726460 0.804610 0.406330 0.629460 0.461170 1.136530 0.578450 0.518280 0.776200 0.543970 0.313430 0.558790 0.504980 1.275260 1.104050 0.895250 0.473770 0.529400 0.353570 0.722680 0.458980 1.018830 2.001800 3.208450 6.172020 0.498940 0.716600 0.669090 0.821140 0.819040 1.378470 1.117690 1.080380 1.008370 0.683480 0.613900 0.550260
0.615550 1.528260 1.730380 1.852790 2.042490 0.813320 1.476400 0.975110 3.032930 1.419200 1.243130 1.913420 1.333800 0.587460 1.359330 1.171490 3.441160 2.984210 2.323980 1.117720 1.226520 0.717030 1.753380 1.049490 2.723680 5.659510 9.216330 18.179159 1.040180 1.462810 1.701140 2.117280 2.080240 3.793850 2.970860 2.955200 2.645610 1.731450 1.534990 1.394220
0.343900 0.672390 0.718720 0.765340 1.156510 0.593790 1.042610 0.705110 0.953080 0.598280 0.463900 1.019560 0.898600 0.425510 0.739700 0.517570 1.031510 0.888270 0.812590 0.685470 0.856940 0.451300 0.760310 0.471730 0.821150 1.593560 2.587490 5.368690 0.507590 0.728990 0.690370 0.890180 0.662720 1.099160 0.904130 0.881630 0.882210 0.578000 0.630880 0.564390
0.697430 1.839140 2.092970 2.247900 4.497450 2.260460 4.477000 2.795200 1.284150 1.703140 0.811330 3.731190 4.153370 1.547690 2.920490 1.516860 1.128170 0.966890 1.461980 2.890100 3.705670 1.591850 2.313480 1.343980 0.894620 1.756390 2.875140 9.332950 1.327960 1.864680 2.241260 2.809460 0.715520 1.207120 0.985950 1.237620 1.772800 0.996500 2.007840 1.839410
0.398970 0.852910 0.936980 1.001200 2.036700 1.087340 2.055100 1.324270 0.606750 0.776940 0.412290 1.691890 1.852950 0.754100 1.275630 0.644150 0.538210 0.475070 0.696530 1.290130 1.701060 0.748480 0.952370 0.578800 0.454940 0.781880 1.230160 3.420700 0.610840 0.870440 0.884460 1.126390 0.382730 0.554870 0.484450 0.536720 0.725360 0.432980 0.802530 0.726880
0.327120 0.640170 0.679230 0.722780 1.441820 0.789690 1.449340 0.951780 0.466010 0.563470 0.319760 1.207790 1.275860 0.548200 0.936680 0.545260 0.422880 0.377490 0.521720 0.914820 1.194340 0.556900 0.804600 0.491380 0.369110 0.602720 0.939610 2.978500 0.525880 0.753320 0.720410 0.953870 0.313860 0.424030 0.384000 0.438970 0.627810 0.375820 0.653760 0.589560
0.474890 0.994390 1.086990 1.157830 1.545690 0.746140 1.304540 0.883880 0.911290 0.902830 0.551100 1.398710 1.143070 0.545340 1.668510 1.776560 0.888090 0.777790 0.781660 1.164340 1.085410 0.799630 2.684000 1.579290 0.731020 1.345520 2.144940 12.336100 1.553870 2.154060 2.613900 3.250420 0.603430 0.939720 0.790880 1.380050 2.345460 1.372550 2.346110 2.144200
0.331510 0.625070 0.668110 0.709020 0.947590 0.489910 0.817530 0.570630 0.575730 0.560370 0.357960 0.865450 0.699990 0.362770 1.010020 1.076310 0.562200 0.494140 0.499030 0.712900 0.677750 0.509790 1.619700 0.959350 0.473040 0.821580 1.293370 7.243660 0.967830 1.345830 1.557190 1.940230 0.396790 0.581450 0.504680 0.839720 1.410560 0.835180 1.399880 1.277710
0.381270 0.802860 0.880850 0.940840 1.051430 0.478600 0.796900 0.556810 1.534200 0.729710 0.644550 0.992990 0.680550 0.349360 0.701630 0.622120 1.730710 1.488100 1.182280 0.580390 0.657040 0.406110 0.914150 0.558010 1.367100 2.769670 4.528150 8.883890 0.592170 0.841500 0.843280 1.079090 1.072130 1.882250 1.503650 1.458690 1.327800 0.879550 0.765150 0.692370
0.898510 2.401140 2.738280 2.941360 3.234800 1.226350 2.309860 1.491130 4.837370 2.228560 1.926580 2.998860 2.074500 0.850860 2.127360 1.806930 5.507550 4.769000 3.681340 1.722440 1.908030 1.060190 2.744160 1.603210 4.338870 9.092960 14.834490 29.246161 1.576260 2.188300 2.659240 3.340280 3.303700 6.091010 4.746350 4.718070 4.206700 2.734900 2.383620 2.181290
1.431230 4.104690 4.743530 5.098710 5.565470 2.007690 3.918700 2.470770 8.369260 3.848390 3.300350 5.146270 3.600970 1.373680 3.664400 3.090270 9.541220 8.288510 6.364510 2.966880 3.240640 1.763290 4.708230 2.732020 7.527830 15.896280 25.896049 51.121342 2.624940 3.639260 4.638920 5.767310 5.687370 10.606410 8.210090 8.235360 7.304090 4.735710 4.146370 3.803930
4.722300 14.660620 17.164289 18.462120 20.825319 7.365670 15.041690 9.193950 13.595480 13.893390 7.348150 19.055120 14.178910 5.049740 14.811780 12.808910 13.276950 11.570450 10.547430 11.840180 12.507030 6.937780 19.585051 11.310660 10.517410 22.243650 36.185520 67.809418 10.580870 14.734080 19.597700 24.123489 7.887110 14.800740 11.415220 18.388510 25.578510 16.041250 17.516979 16.070190
0.955650 2.546110 2.913460 3.124900 3.899560 1.606640 3.077470 1.963050 2.917280 2.378020 1.461670 3.520060 2.826100 1.124010 3.781190 3.848980 3.017010 2.619910 2.351150 2.703270 2.555660 1.705010 5.861590 3.409170 2.397930 4.916150 7.977290 35.427738 3.247720 4.490480 5.810610 7.186940 1.851570 3.314890 2.614620 7.819240 12.958290 8.760210 5.200890 4.764850
1.736000 4.796960 5.518780 5.924320 7.935460 3.341420 6.557170 4.114090 4.351860 4.491000 2.417460 7.043070 6.069000 2.313760 8.662210 9.133450 4.221310 3.672710 3.683390 6.021080 5.443650 3.799860 13.932330 8.075090 3.368380 6.873400 11.149770 66.333412 7.633710 10.565520 13.866020 17.108530 2.593010 4.629470 3.658460 7.120440 12.169200 6.981590 12.404750 11.371040
0.442430 0.933630 1.010470 1.079540 1.465390 0.705950 1.246530 0.838950 0.853600 0.833360 0.493420 1.313760 1.064710 0.497530 1.572940 1.681530 0.831850 0.716670 0.727810 1.084700 1.020950 0.743500 2.557120 1.488780 0.680470 1.245400 2.021750 11.844980 1.477630 2.043360 2.466000 3.104420 0.554950 0.866440 0.735970 1.294830 2.216820 1.286000 2.205600 2.022110
0.486120 1.108420 1.240350 1.325980 1.752100 0.807050 1.456280 0.967400 1.018260 1.026580 0.599620 1.580440 1.312570 0.581240 1.910810 2.035250 0.992810 0.864730 0.870940 1.331730 1.216360 0.885430 3.078410 1.805230 0.800810 1.538430 2.464370 14.332860 1.744360 2.414720 3.034290 3.751690 0.652000 1.062750 0.875420 1.582290 2.697590 1.573510 2.722590 2.490340
0.313690 0.548020 0.585150 0.619680 0.689240 0.367610 0.550800 0.412630 0.961760 0.498550 0.457450 0.674170 0.469880 0.297460 0.487460 0.443240 1.075650 0.933110 0.763630 0.412210 0.466650 0.321990 0.626120 0.405460 0.865480 1.666040 2.661070 5.088500 0.447220 0.647400 0.573390 0.703760 0.701070 1.155000 0.946280 0.910560 0.859140 0.584380 0.533100 0.474000
0.484890 1.125320 1.256770 1.345150 1.487540 0.626740 1.094760 0.742050 2.190130 1.036080 0.912820 1.398680 0.963250 0.459490 0.995560 0.860070 2.480170 2.148840 1.677880 0.815630 0.911470 0.543160 1.285040 0.771370 1.965190 4.038380 6.582920 12.955950 0.788720 1.106500 1.222730 1.532090 1.516870 2.722460 2.148470 2.117490 1.911130 1.256090 1.107530 1.004410
0.335530 0.615450 0.662290 0.702190 0.779780 0.399300 0.611580 0.451830 1.096820 0.562870 0.510280 0.755540 0.527140 0.314270 0.544610 0.490960 1.229900 1.068360 0.865910 0.462600 0.518280 0.352120 0.704220 0.450120 0.984200 1.928330 3.084080 5.917200 0.488200 0.702540 0.654740 0.797290 0.792240 1.327690 1.078740 1.041890 0.977200 0.662640 0.603110 0.538880
0.433310 0.965700 1.064450 1.138640 1.347250 0.593830 1.039830 0.704760 1.486560 0.878730 0.678190 1.246640 0.898990 0.433650 1.053600 0.999410 1.627290 1.403510 1.161820 0.809370 0.857470 0.548660 1.504590 0.891890 1.291150 2.603080 4.244110 11.999480 0.897200 1.256940 1.426540 1.818990 1.011890 1.765800 1.414510 2.971150 4.366430 3.037510 1.287390 1.169620
0.802220 2.067900 2.354230 2.525180 3.107880 1.298470 2.441470 1.576800 2.483290 1.923390 1.211290 2.818900 2.222780 0.903480 2.895240 2.910920 2.594900 2.236720 1.986120 2.098740 2.025570 1.333860 4.420320 2.576550 2.048660 4.185230 6.814810 28.320089 2.480730 3.432880 4.366330 5.395690 1.594770 2.836910 2.249460 7.056570 11.659450 8.016780 3.909080 3.581180
0.407500 0.891950 0.976020 1.044600 1.309810 0.600090 1.056410 0.713130 1.068460 0.803500 0.537480 1.195480 0.908090 0.430400 1.187420 1.195190 1.115260 0.956750 0.861530 0.865850 0.869050 0.588960 1.812060 1.061950 0.888140 1.736550 2.837750 11.577110 1.060610 1.472860 1.736360 2.195720 0.705300 1.189680 0.973330 2.969800 4.904620 3.389700 1.558500 1.424510
0.697630 1.726960 1.950450 2.090470 2.769080 1.225060 2.284330 1.484800 1.581720 1.599110 0.891300 2.480040 2.072580 0.860290 3.041280 3.239420 1.539740 1.323480 1.336670 2.097920 1.901470 1.359220 4.922780 2.870590 1.221170 2.419590 3.924630 23.279850 2.744710 3.784760 4.874270 6.031040 0.976310 1.658600 1.344760 2.512390 4.309240 2.490330 4.363100 3.997690
0.470570 1.120940 1.250000 1.341030 1.797940 0.814860 1.500480 0.983320 1.028600 1.020640 0.560580 1.603160 1.325310 0.556020 1.955610 2.086190 1.001380 0.853050 0.869660 1.345860 1.235200 0.883600 3.185980 1.844530 0.791230 1.534620 2.521980 14.996900 1.793080 2.467290 3.122550 3.887680 0.632640 1.059040 0.874020 1.613630 2.771790 1.600360 2.790990 2.560520

0.000000 19.963826 21.205779 17.459135 25.761643 32.657234 39.966031 50.438074 28.597209 30.569770 31.341896 29.779080 34.415355 37.318906 41.041316 47.008918 33.046172 35.927047 37.439594 39.546652 42.250379 43.375379 46.902730 52.197527 40.659219 40.548676 44.221719 46.528672 46.075555 46.540965 47.228891 53.482359 46.697941 45.794340 47.801980 48.230691 48.119738 51.262117 50.668949 52.339973
19.963826 0.000000 8.223229 22.420221 13.880785 20.706031 28.839268 43.818973 9.569559 10.762211 12.372413 12.868047 17.232912 20.795080 24.734084 31.919467 13.809399 15.967486 17.935705 20.735187 23.565561 25.598127 29.542834 36.086727 21.345898 20.589092 24.258100 26.694201 26.335684 27.023365 28.463928 36.046480 30.186059 26.698410 28.153068 28.267516 28.312729 31.387541 31.033902 32.973844
21.205779 8.223229 0.000000 16.831951 5.979134 13.256902 21.399076 35.757844 15.710766 12.450775 11.404617 8.682869 13.248588 16.128652 19.910227 26.310418 19.021596 18.544475 17.688342 18.877711 21.418637 22.209840 25.696984 31.208271 25.726799 22.766588 26.049098 27.133826 26.403225 26.402342 26.349350 32.278699 36.600215 31.108578 31.453609 29.751016 28.574594 31.879813 30.627873 31.865193
17.459135 22.420221 16.831951 0.000000 17.010252 21.156297 26.361053 33.738473 31.686025 29.279215 27.844766 23.974775 27.566770 29.039260 31.847967 35.755465 35.483648 35.368992 33.910680 34.123820 36.202555 35.705047 38.221832 41.494320 42.480789 39.513527 42.670410 43.241398 42.351848 41.953570 40.751977 44.283840 52.566699 47.883676 48.275082 46.218617 44.547367 47.874898 46.135152 46.809340
25.761643 13.880785 5.979134 17.010252 0.000000 7.358892 15.449045 29.938225 19.747283 14.426743 11.824548 7.301861 10.557728 12.352075 15.673665 21.247504 22.219051 20.083793 17.341920 17.137678 19.197129 18.955414 21.899895 26.514090 27.933268 23.628676 26.404762 26.444557 25.485279 24.976486 23.813271 28.309396 39.987953 33.099996 32.623584 29.681066 27.675365 30.992883 29.140420 29.813014
32.657234 20.706031 13.256902 21.156297 7.358892 0.000000 8.168155 23.636121 24.841684 18.135994 14.572001 10.026444 9.914896 9.249379 11.029875 14.792025 26.329363 22.629627 18.095354 16.140251 17.230023 15.498599 17.338555 20.424793 30.646768 25.093348 27.063590 25.814682 24.635434 23.509297 20.937229 23.167660 43.654598 35.335184 33.912473 29.619137 26.696854 29.840313 27.317053 27.213006
39.966031 28.839268 21.399076 26.361053 15.449045 8.168155 0.000000 16.504914 32.272357 25.110637 21.334521 17.356428 15.511926 12.972240 12.035262 10.907457 33.177609 28.641166 23.201018 20.060350 20.014262 16.873063 16.758771 16.562746 36.410941 30.163217 31.341941 28.986342 27.684582 26.027912 22.140533 20.829430 49.825914 40.573309 38.406168 33.087633 29.452891 32.202203 29.124504 28.126498
50.438074 43.818973 35.757844 33.738473 29.938225 23.636121 16.504914 0.000000 48.444082 41.482203 37.745805 33.528449 32.015451 29.373920 27.754279 23.287369 49.610906 45.143578 39.624918 36.256687 35.786844 32.186307 30.772176 26.945883 52.874855 46.513262 47.409531 44.574129 43.249051 41.355371 36.858316 32.306602 66.321203 56.898336 54.468832 48.725535 44.781172 47.163602 43.819309 42.161918
28.597209 9.569559 15.710766 31.686025 19.747283 24.841684 32.272357 48.444082 0.000000 7.546025 11.281417 14.937020 17.520234 21.068152 24.580900 32.105863 4.449002 8.928174 13.688959 17.690473 20.345594 23.548012 27.604836 34.970891 12.067659 13.108468 16.745871 20.258012 20.311859 21.650170 24.584439 33.500758 20.960402 17.295055 19.253295 20.727564 21.911842 24.548672 25.090598 27.616418
30.569770 10.762211 12.450775 29.279215 14.426743 18.135994 25.110637 41.482203 7.546025 0.000000 3.809700 8.129810 10.015839 13.527406 17.047828 24.577051 8.193394 6.095493 7.308847 10.729019 13.533290 16.340117 20.417180 27.635436 13.562681 10.455612 13.944859 15.965491 15.574975 16.301836 18.197238 26.578664 25.734715 18.841252 19.004418 17.851705 17.570352 20.692348 20.275414 22.289537
31.341896 12.372413 11.404617 27.844766 11.824548 14.572001 21.334521 37.745805 11.281417 3.809700 0.000000 4.791156 6.238869 9.818516 13.474192 20.994578 11.866276 8.350675 6.305165 8.381247 11.200737 13.383561 17.416373 24.380375 16.343473 11.841504 14.833014 15.740658 15.055646 15.254324 16.129263 23.806271 29.096396 21.364430 20.813779 18.404537 17.208348 20.497939 19.441256 20.998111
29.779080 12.868047 8.682869 23.974775 7.301861 10.026444 17.356428 33.528449 14.937020 8.129810 4.791156 0.000000 4.668539 7.995978 11.935857 19.052104 16.318193 13.134792 10.051786 10.349948 12.778342 13.601690 17.251010 23.342086 21.134629 16.395426 19.104178 19.272691 18.378820 18.080908 17.680826 23.847830 33.795832 26.132592 25.401590 22.401662 20.574369 23.902502 22.299283 23.317029
34.415355 17.232912 13.248588 27.566770 10.557728 9.914896 15.511926 32.015451 17.520234 10.015839 6.238869 4.668539 0.000000 3.672587 7.544270 14.950115 17.797604 13.156948 8.186620 6.701323 8.641521 8.963495 12.584676 18.853816 21.043465 15.209930 17.175375 16.313998 15.239069 14.510266 13.351554 19.180607 34.351891 25.527379 23.997580 19.914664 17.395221 20.670416 18.626760 19.263367
37.318906 20.795080 16.128652 29.039260 12.352075 9.249379 12.972240 29.373920 21.068152 13.527406 9.818516 7.995978 3.672587 0.000000 3.943405 11.277989 21.033725 15.921916 10.251138 7.243718 7.987187 6.665842 9.635773 15.346277 23.509096 17.191014 18.518066 16.727660 15.504055 14.275741 11.871656 16.175845 36.999680 27.601479 25.548811 20.665162 17.514008 20.613715 18.072760 18.105139
41.041316 24.734084 19.910227 31.847967 15.673665 11.029875 12.035262 27.754279 24.580900 17.047828 13.474192 11.935857 7.544270 3.943405 0.000000 7.530525 24.128979 18.594789 12.566577 8.691175 8.059724 4.911872 6.374945 11.412329 25.699586 19.035291 19.661275 16.985484 15.674812 13.993331 10.363641 12.637886 39.253719 29.298355 26.715594 21.110881 17.417746 20.198730 17.218213 16.576660
47.008918 31.919467 26.310418 35.755465 21.247504 14.792025 10.907457 23.287369 32.105863 24.577051 20.994578 19.052104 14.950115 11.277989 7.530525 0.000000 31.513326 25.788908 19.684736 15.542260 13.989588 10.017047 7.588015 5.807441 32.431285 25.605469 25.531748 21.992514 20.681588 18.595973 13.792466 9.995775 45.907309 35.493383 32.374523 26.096361 21.930268 24.039164 20.624643 18.874588
33.046172 13.809399 19.021596 35.483648 22.219051 26.329363 33.177609 49.610906 4.449002 8.193394 11.866276 16.318193 17.797604 21.033725 24.128979 31.513326 0.000000 6.172118 12.041907 16.269595 18.625713 22.230721 26.159498 33.690160 7.624604 9.462104 12.904792 16.851182 17.116381 18.736805 22.307021 31.586752 17.776352 12.904059 14.826284 16.770402 18.468637 20.834680 21.781799 24.523080
35.927047 15.967486 18.544475 35.368992 20.083793 22.629627 28.641166 45.143578 8.928174 6.095493 8.350675 13.134792 13.156948 15.921916 18.594789 25.788908 6.172118 0.000000 6.108047 10.315223 12.519424 16.232084 20.086748 27.638965 8.032655 4.621758 8.305064 11.361028 11.383746 12.782085 16.143562 25.417350 21.195113 13.024947 12.909295 12.331681 13.018981 15.790244 16.164296 18.708268
37.439594 17.935705 17.688342 33.910680 17.341920 18.095354 23.201018 39.624918 13.688959 7.308847 6.305165 10.051786 8.186620 10.251138 12.566577 19.684736 12.041907 6.108047 0.000000 4.232564 6.682983 10.189309 14.134601 21.650938 13.273543 7.045434 9.150479 9.445637 8.755308 9.117201 10.997277 19.822285 26.800992 17.428426 15.828601 12.352166 10.903229 14.195393 13.231915 15.038211
39.546652 20.735187 18.877711 34.123820 17.137678 16.140251 20.060350 36.256687 17.690473 10.729019 8.381247 10.349948 6.701323 7.243718 8.691175 15.542260 16.269595 10.315223 4.232564 0.000000 2.840020 5.963255 9.951447 17.436107 17.028814 10.346633 11.296940 9.697048 8.569466 7.839732 7.750795 15.874404 30.577539 20.659273 18.351105 13.492492 10.706173 13.970395 12.012267 12.990314
42.250379 23.565561 21.418637 36.202555 19.197129 17.230023 20.014262 35.786844 20.345594 13.533290 11.200737 12.778342 8.641521 7.987187 8.059724 13.989588 18.625713 12.519424 6.682983 2.840020 0.000000 3.978630 7.579243 15.138430 18.492658 11.641526 11.708690 8.979813 7.691743 6.292121 4.979800 13.155925 31.924850 21.556123 18.720113 13.074109 9.590146 12.632099 10.151304 10.624617
43.375379 25.598127 22.209840 35.705047 18.955414 15.498599 16.873063 32.186307 23.548012 16.340117 13.383561 13.601690 8.963495 6.665842 4.911872 10.017047 22.230721 16.232084 10.189309 5.963255 3.978630 0.000000 4.077118 11.476806 22.464086 15.617409 15.574911 12.388560 11.063129 9.219077 5.497029 10.448890 35.903352 25.492939 22.514035 16.540385 12.658012 15.329218 12.307146 11.762082
46.902730 29.542834 25.696984 38.221832 21.899895 17.338555 16.758771 30.772176 27.604836 20.417180 17.416373 17.251010 12.584676 9.635773 6.374945 7.588015 26.159498 20.086748 14.134601 9.951447 7.579243 4.077118 0.000000 7.559264 25.856010 19.004850 18.395869 14.558528 13.271317 11.115414 6.215530 6.597588 39.112488 28.418438 25.047311 18.608898 14.387280 16.454346 13.058081 11.519029
52.197527 36.086727 31.208271 41.494320 26.514090 20.424793 16.562746 26.945883 34.970891 27.635436 24.380375 23.342086 18.853816 15.346277 11.412329 5.807441 33.690160 27.638965 21.650938 17.436107 15.138430 11.476806 7.559264 0.000000 33.303992 26.476762 25.579002 21.402791 20.195449 17.952996 12.932832 5.403591 46.417012 35.568047 31.923955 25.231619 20.904477 22.298711 18.793955 16.366865
40.659219 21.345898 25.726799 42.480789 27.933268 30.646768 36.410941 52.874855 12.067659 13.562681 16.343473 21.134629 21.043465 23.509096 25.699586 32.431285 7.624604 8.032655 13.273543 17.028814 18.492658 22.464086 25.856010 33.303992 0.000000 6.859645 8.430972 13.095333 13.901001 16.027236 20.660051 30.095188 13.554702 5.416892 7.446803 11.309513 14.418684 15.815936 17.795084 20.881908
40.548676 20.589092 22.766588 39.513527 23.628676 25.093348 30.163217 46.513262 13.108468 10.455612 11.841504 16.395426 15.209930 17.191014 19.035291 25.605469 9.462104 4.621758 7.045434 10.346633 11.641526 15.617409 19.004850 26.476762 6.859645 0.000000 3.704255 7.411415 7.810101 9.682864 13.984669 23.456691 20.307664 10.411413 9.006377 7.737294 9.012463 11.449956 12.353854 15.192714
44.221719 24.258100 26.049098 42.670410 26.404762 27.063590 31.341941 47.409531 16.745871 13.944859 14.833014 19.104178 17.175375 18.518066 19.661275 25.531748 12.904792 8.305064 9.150479 11.296940 11.708690 15.574911 18.395869 25.579002 8.430972 3.704255 0.000000 4.668591 5.569802 7.784261 12.679225 21.946297 20.861064 10.022996 7.069153 4.033135 6.017090 7.944258 9.417155 12.467780
46.528672 26.694201 27.133826 43.241398 26.444557 25.814682 28.986342 44.574129 20.258012 15.965491 15.740658 19.272691 16.313998 16.727660 16.985484 21.992514 16.851182 11.361028 9.445637 9.697048 8.979813 12.388560 14.558528 21.402791 13.095333 7.411415 4.668591 0.000000 1.325955 3.464615 8.494660 17.463631 25.287400 14.267780 10.534022 4.151894 1.658589 4.770753 4.943231 7.866707
46.075555 26.335684 26.403225 42.351848 25.485279 24.635434 27.684582 43.249051 20.311859 15.574975 15.055646 18.378820 15.239069 15.504055 15.674812 20.681588 17.116381 11.383746 8.755308 8.569466 7.691743 11.063129 13.271317 20.195449 13.901001 7.810101 5.569802 1.325955 0.000000 2.250584 7.265447 16.390246 26.370070 15.402050 11.787198 5.477651 2.195563 5.523783 4.798335 7.409044
46.540965 27.023365 26.402342 41.953570 24.976486 23.509297 26.027912 41.355371 21.650170 16.301836 15.254324 18.080908 14.510266 14.275741 13.993331 18.595973 18.736805 12.782085 9.117201 7.839732 6.292121 9.219077 11.115414 17.952996 16.027236 9.682864 7.784261 3.464615 2.250584 0.000000 5.031941 14.162036 28.613846 17.652631 13.997863 7.502210 3.438936 6.340023 4.228157 6.023735
47.228891 28.463928 26.349350 40.751977 23.813271 20.937229 22.140533 36.858316 24.584439 18.197238 16.129263 17.680826 13.351554 11.871656 10.363641 13.792466 22.307021 16.143562 10.997277 7.750795 4.979800 5.497029 6.215530 12.932832 20.660051 13.984669 12.679225 8.494660 7.265447 5.031941 0.000000 9.472617 33.539719 22.640580 19.028680 12.452475 8.187766 10.305292 7.021583 6.278100
53.482359 36.046480 32.278699 44.283840 28.309396 23.167660 20.829430 32.306602 33.500758 26.578664 23.806271 23.847830 19.180607 16.175845 12.637886 9.995775 31.586752 25.417350 19.822285 15.874404 13.155925 10.448890 6.597588 5.403591 30.095188 23.456691 21.946297 17.463631 16.390246 14.162036 9.472617 0.000000 42.747648 31.726092 27.789393 20.972463 16.680713 17.585164 14.135512 11.412354
46.697941 30.186059 36.600215 52.566699 39.987953 43.654598 49.825914 66.321203 20.960402 25.734715 29.096396 33.795832 34.351891 36.999680 39.253719 45.907309 17.776352 21.195113 26.800992 30.577539 31.924850 35.903352 39.112488 46.417012 13.554702 20.307664 20.861064 25.287400 26.370070 28.613846 33.539719 42.747648 0.000000 11.083170 15.428993 22.126104 26.205520 26.365311 29.252645 32.388732
45.794340 26.698410 31.108578 47.883676 33.099996 35.335184 40.573309 56.898336 17.295055 18.841252 21.364430 26.132592 25.527379 27.601479 29.298355 35.493383 12.904059 13.024947 17.428426 20.659273 21.556123 25.492939 28.418438 35.568047 5.416892 10.411413 10.022996 14.267780 15.402050 17.652631 22.640580 31.726092 11.083170 0.000000 4.568622 11.055371 15.129197 15.377105 18.176572 21.317703
47.801980 28.153068 31.453609 48.275082 32.623584 33.912473 38.406168 54.468832 19.253295 19.004418 20.813779 25.401590 23.997580 25.548811 26.715594 32.374523 14.826284 12.909295 15.828601 18.351105 18.720113 22.514035 25.047311 31.923955 7.446803 9.006377 7.069153 10.534022 11.787198 13.997863 19.028680 27.789393 15.428993 4.568622 0.000000 6.836463 11.110353 10.937497 13.926686 17.031451
48.230691 28.267516 29.751016 46.218617 29.681066 29.619137 33.087633 48.725535 20.727564 17.851705 18.404537 22.401662 19.914664 20.665162 21.110881 26.096361 16.770402 12.331681 12.352166 13.492492 13.074109 16.540385 18.608898 25.231619 11.309513 7.737294 4.033135 4.151894 5.477651 7.502210 12.452475 20.972463 22.126104 11.055371 6.836463 0.000000 4.329118 4.532159 7.127802 10.263333
48.119738 28.312729 28.574594 44.547367 27.675365 26.696854 29.452891 44.781172 21.911842 17.570352 17.208348 20.574369 17.395221 17.514008 17.417746 21.930268 18.468637 13.018981 10.903229 10.706173 9.590146 12.658012 14.387280 20.904477 14.418684 9.012463 6.017090 1.658589 2.195563 3.438936 8.187766 16.680713 26.205520 15.129197 11.110353 4.329118 0.000000 3.328432 3.405302 6.463816
51.262117 31.387541 31.879813 47.874898 30.992883 29.840313 32.202203 47.163602 24.548672 20.692348 20.497939 23.902502 20.670416 20.613715 20.198730 24.039164 20.834680 15.790244 14.195393 13.970395 12.632099 15.329218 16.454346 22.298711 15.815936 11.449956 7.944258 4.770753 5.523783 6.340023 10.305292 17.585164 26.365311 15.377105 10.937497 4.532159 3.328432 0.000000 3.506356 6.289018
50.668949 31.033902 30.627873 46.135152 29.140420 27.317053 29.124504 43.819309 25.090598 20.275414 19.441256 22.299283 18.626760 18.072760 17.218213 20.624643 21.781799 16.164296 13.231915 12.012267 10.151304 12.307146 13.058081 18.793955 17.795084 12.353854 9.417155 4.943231 4.798335 4.228157 7.021583 14.135512 29.252645 18.176572 13.926686 7.127802 3.405302 3.506356 0.000000 3.150441
52.339973 32.973844 31.865193 46.809340 29.813014 27.213006 28.126498 42.161918 27.616418 22.289537 20.998111 23.317029 19.263367 18.105139 16.576660 18.874588 24.523080 18.708268 15.038211 12.990314 10.624617 11.762082 11.519029 16.366865 20.881908 15.192714 12.467780 7.866707 7.409044 6.023735 6.278100 11.412354 32.388732 21.317703 17.031451 10.263333 6.463816 6.289018 3.150441 0.000000
